,Latitude_Degrees,Longitude_Degrees,Depth,Percent_Hard_Coral_Cover,Percent_Macroalgal_Cover,Temperature_Mean,SSTA_Mean,TSA_Mean
Latitude_Degrees,1.0,-0.5016093902886745,0.1757105320646912,-0.19337008358193683,-0.29359667850382565,0.08560206280493753,,-0.05607635949989872
Longitude_Degrees,-0.5016093902886745,1.0,-0.2686232542010687,0.3106623638229417,0.09259584939401028,-0.01186374393360168,,-0.1455874473452883
Depth,0.1757105320646912,-0.2686232542010687,1.0,-0.16896388796746376,0.14261828171825838,-0.019928296803567672,,0.04396900277119968
Percent_Hard_Coral_Cover,-0.19337008358193683,0.3106623638229417,-0.16896388796746376,1.0,-0.2687248573890891,0.09633071109476384,,0.013566807560354003
Percent_Macroalgal_Cover,-0.29359667850382565,0.09259584939401028,0.14261828171825838,-0.2687248573890891,1.0,-0.26900668974050834,,-0.1897703786618679
Temperature_Mean,0.08560206280493753,-0.01186374393360168,-0.019928296803567672,0.09633071109476384,-0.26900668974050834,1.0,,0.6842234567276879
SSTA_Mean,,,,,,,,
TSA_Mean,-0.05607635949989872,-0.1455874473452883,0.04396900277119968,0.013566807560354003,-0.1897703786618679,0.6842234567276879,,1.0
